1
2
3
10
11
12
13
17
18
20
21
23
25
26
27
28
35
36
37
38
39
40
41
42
44
47
49
52
57
58
60
61
62
64
66
69
71
72
74
75
77
79
80
81
83
85
86
87
90
92
95
97
98
99
100
102
106
107
108
114
115
116
120
122
125
126
127
129
130
132
134
135
136
137
138
143
146
147
148
149
150
151
152
153
154
155
156
157
160
162
163
164
165
166
167
168
170
171
172
174
177
178
180
181
182
183
184
187
189
190
191
194
195
196
198
200
202
203
204
206
207
208
210
211
212
214
216
217
219
220
221
222
224
226
227
228
231
232
236
239
240
241
242
247
249
252
253
255
257
258
259
261
262
263
264
265
270
271
272
275
276
279
280
281
282
284
285
287
288
291
293
294
296
297
298
299
300
301
302
303
304
305
306
307
309
311
312
313
314
315
316
318
319
320
321
322
325
326
327
328
329
330
332
333
336
338
339
340
341
342
343
346
350
352
353
356
360
361
362
363
364
365
366
367
368
369
370
373
375
378
379
380
381
382
383
385
386
387
388
389
390
392
393
395
396
397
401
403
404
405
407
410
411
412
414
415
418
421
422
423
424
426
427
432
433
436
438
439
441
442
443
445
447
448
450
452
453
454
456
457
458
460
462
463
466
468
469
471
472
473
474
476
477
478
479
480
482
484
485
486
487
488
490
491
492
495
496
499
501
502
503
504
506
507
508
509
510
512
513
517
518
520
521
523
524
526
527
528
529
530
532
533
536
537
538
539
540
541
543
548
549
552
554
555
556
557
561
564
565
567
568
569
573
574
575
576
578
579
580
581
582
583
586
588
589
590
592
594
595
596
597
598
600
602
604
606
611
612
613
614
615
617
619
622
623
624
626
627
628
629
630
633
635
636
637
638
642
645
646
649
654
656
657
659
661
663
664
665
666
671
672
673
674
676
677
680
681
685
686
687
688
689
690
691
692
694
695
696
697
698
699
700
701
702
703
707
709
710
711
712
714
715
716
717
720
721
724
725
727
729
730
731
734
736
737
738
742
743
745
746
747
749
750
751
752
753
754
755
757
758
759
760
761
763
764
765
766
767
768
770
772
773
774
775
777
778
780
781
784
785
787
788
790
791
792
793
795
796
797
798
799
800
803
805
807
809
810
812
813
814
815
817
818
819
825
826
827
830
831
832
833
834
835
836
837
838
840
841
842
843
844
845
847
848
849
850
852
853
854
856
857
859
860
861
862
863
864
869
871
872
873
874
875
878
880
883
884
885
886
887
888
889
890
892
893
894
895
897
898
899
900
903
907
908
909
910
912
914
916
917
918
919
920
921
922
923
925
928
930
933
934
935
936
937
938
939
942
944
945
946
949
950
951
952
953
954
955
956
957
958
959
963
964
966
967
968
969
970
971
972
974
976
977
979
981
984
985
990
991
992
993
994
995
996
997
998
999
1000
1001
1004
1006
1008
1011
1013
1014
1015
1016
1017
1018
1021
1022
1023
1024
1025
1028
1029
1030
1031
1033
1034
1036
1037
1038
1041
1042
1044
1045
1046
1047
1050
1051
1052
1054
1055
1056
1057
1060
1063
1064
1065
1066
1067
1068
1069
1071
1072
1073
1074
1075
1076
1077
1078
1079
1080
1081
1082
1083
1086
1087
1089
1090
1092
1093
1094
1095
1096
1099
1100
1101
1102
1103
1106
1107
1108
1110
1111
1112
1113
1114
1116
1117
1119
1122
1123
1124
1125
1126
1127
1128
1130
1132
1133
1135
1136
1137
1138
1139
1140
1143
1144
1145
1147
1149
1152
1153
1154
1157
1158
1159
1160
1161
1162
1163
1164
1166
1168
1170
1171
1173
1174
1175
1179
1180
1183
1185
1186
1187
1188
1190
1193
1194
1195
1197
1198
1200
1202
1203
1204
1205
1206
1209
1210
1211
1212
1213
1214
1215
1216
1217
1219
1220
1221
1223
1224
1226
1227
1229
1230
1231
1233
1234
1236
1238
1242
1243
1245
1246
1247
1248
1249
1250
1251
1252
1253
1254
1255
1259
1260
1261
1262
1263
1264
1267
1268
1271
1274
1275
1276
1278
1280
1283
1284
1285
1286
1287
1288
1290
1291
1293
1294
1295
1296
1297
1299
1301
1302
1303
1304
1305
1309
1314
1320
1323
1324
1325
1327
1328
1329
1331
1332
1335
1336
1337
1339
1340
1341
1343
1344
1345
1346
1347
1348
1349
1350
1351
1353
1354
1355
1357
1358
1359
1361
1362
1364
1366
1367
1369
1371
1373
1374
1376
1377
1381
1382
1383
1384
1385
1386
1388
1390
1393
1394
1395
1397
1398
1399
1400
1401
1402
1404
1405
1408
1412
1418
1421
1422
1424
1425
1426
1427
1430
1431
1434
1435
1436
1437
1438
1440
1441
1444
1445
1446
1447
1448
1449
1450
1454
1457
1458
1459
1460
1461
1463
1464
1465
1466
1467
1468
1469
1471
1475
1476
1477
1478
1480
1483
1484
1485
1489
1490
1492
1493
1495
1496
1497
1501
1503
1505
1506
1507
1511
1513
1515
1516
1518
1519
1521
1524
1526
1527
1529
1530
1536
1537
1539
1541
1542
1543
1544
1545
1546
1548
1549
1550
1551
1552
1554
1555
1557
1564
1566
1570
1572
1574
1575
1576
1577
1579
1580
1582
1583
1585
1586
1587
1588
1589
1591
1592
1593
1594
1595
1598
1599
1600
1601
1602
1603
1604
1605
1606
1607
1608
1609
1612
1615
1617
1618
1619
1621
1622
1624
1625
1626
1629
1632
1635
1638
1639
1640
1641
1645
1646
1647
1648
1649
1651
1652
1653
1656
1657
1659
1660
1661
1663
1664
1665
1668
1669
1670
1671
1672
1673
1676
1677
1678
1680
1681
1682
1684
1685
1687
1688
1689
1690
1691
1694
1696
1697
1698
1699
1700
1702
1704
1705
1706
1708
1709
1710
1711
1712
1713
1714
1717
1720
1724
1727
1728
1729
1730
1732
1733
1734
1735
1736
1738
1739
1740
1741
1742
1743
1744
1745
1746
1747
1748
1750
1751
1752
1753
1754
1755
1757
1758
1759
1762
1763
1764
1765
1766
1768
1769
1771
1773
1774
1775
1776
1777
1778
1780
1781
1782
1785
1787
1788
1789
1790
1791
1792
1794
1795
1796
1797
1798
1799
1800
1805
1806
1808
1809
1810
1812
1814
1815
1820
1821
1822
1824
1826
1828
1829
1830
1832
1833
1835
1838
1839
1840
1841
1843
1844
1845
1846
1847
1849
1851
1852
1853
1854
1858
1861
1862
1863
1864
1865
1868
1870
1871
1872
1873
1875
1876
1877
1880
1881
1883
1884
1886
1890
1891
1892
1895
1896
1902
1904
1906
1910
1911
1913
1914
1915
1916
1917
1918
1919
1920
1922
1924
1926
1928
1929
1931
1932
1935
1936
1937
1939
1942
1943
1946
1947
1949
1950
1952
1953
1954
1955
1958
1959
1960
1961
1962
1963
1966
1968
1969
1970
1971
1974
1975
1976
1977
1978
1979
1981
1982
1983
1984
1985
1988
1995
1996
1997
1998
1999
2002
2005
2006
2008
2010
2011
2012
2013
2014
2015
2017
2019
2020
2021
2022
2024
2026
2027
2029
2030
2031
2032
2033
2035
2036
2037
2038
2040
2042
2044
2046
2048
2051
2052
2053
2054
2055
2057
2059
2060
2062
2064
2065
2066
2067
2069
2072
2073
2075
2076
2077
2078
2079
2081
2083
2084
2086
2087
2088
2089
2090
2091
2092
2093
2096
2098
2099
2100
2101
2103
2104
2106
2107
2108
2109
2110
2111
2112
2113
2115
2121
2123
2124
2125
2128
2130
2131
2132
2133
2137
2138
2139
2141
2143
2145
2146
2148
2149
2151
2152
2155
2156
2157
2158
2159
2161
2162
2164
2165
2166
2167
2168
2171
2172
2173
2175
2176
2177
2180
2181
2182
2183
2185
2186
2188
2189
2191
2192
2193
2195
2196
2199
2200
2201
2203
2204
2208
2210
2213
2214
2215
2216
2217
2218
2220
2221
2222
2223
2225
2226
2228
2229
2230
2232
2233
2234
2235
2237
2238
2239
2240
2241
2243
2247
2249
2251
2252
2253
2254
2258
2260
2262
2264
2265
2268
2271
2272
2273
2274
2275
2276
2277
2279
2280
2282
2283
2284
2290
2292
2293
2294
2295
2297
2298
2299
2302
2303
2304
2305
2306
2307
2308
2309
2310
2311
2312
2313
2314
2315
2316
2317
2318
2321
2322
2324
2326
2327
2329
2330
2331
2332
2336
2337
2339
2341
2342
2344
2347
2348
2349
2350
2351
2352
2353
2354
2355
2357
2358
2359
2362
2364
2365
2366
2367
2369
2370
2372
2373
2376
2379
2380
2382
2384
2385
2386
2387
2388
2389
2391
2392
2394
2396
2397
2398
2399
2400
2401
2402
2404
2405
2406
2408
2410
2411
2413
2414
2415
2416
2417
2419
2420
2421
2423
2427
2429
2430
2431
2432
2434
2436
2437
2438
2442
2445
2446
2448
2449
2454
2456
2457
2459
2460
2461
2462
2463
2465
2467
2469
2470
2474
2475
2476
2477
2478
2480
2481
2485
2488
2489
2492
2494
2495
2496
2497
2499
2501
2503
2505
2506
2507
2508
2509
2510
2511
2513
2515
2516
2517
2518
2520
2523
2524
2527
2530
2532
2533
2535
2538
2540
2541
2544
2545
2549
2551
2552
2553
2556
2557
2559
2563
2564
2565
2567
2569
2570
2571
2573
2574
2575
2576
2577
2579
2580
2581
2583
2584
2585
2586
2587
2588
2589
2591
2592
2593
2594
2595
2602
2603
2605
2606
2608
2609
2610
2611
2612
2613
2614
2618
2619
2621
2624
2626
2629
2630
2631
2634
2636
2637
2638
2639
2645
2647
2648
2649
2650
2651
2653
2655
2657
2659
2660
2661
2662
2665
2667
2668
2669
2670
2671
2672
2674
2675
2676
2677
2678
2679
2680
2682
2683
2684
2686
2688
2689
2690
2692
2694
2696
2697
2699
2701
2704
2706
2708
2709
2710
2712
2715
2717
2718
2719
2721
2722
2723
2724
2725
2726
2729
2730
2732
2734
2735
2736
2737
2739
2740
2742
2743
2744
2746
2747
2748
2750
2751
2752
2753
2756
2757
2761
2762
2763
2764
2766
2767
2769
2771
2772
2773
2775
2776
2777
2779
2783
2784
2786
2787
2789
2790
2792
2794
2795
2796
2797
2798
2799
2802
2804
2806
2807
2808
2809
2810
2812
2813
2814
2815
2817
2818
2821
2822
2824
2825
2826
2828
2829
2830
2831
2833
2836
2837
2838
2839
2841
2844
2846
2848
2849
2851
2852
2853
2857
2858
2859
2860
2862
2863
2865
2869
2870
2872
2873
2874
2877
2878
2880
2882
2884
2886
2887
2888
2891
2892
2893
2894
2895
2896
2898
2899
2900
2902
2903
2905
2906
2907
2908
2910
2913
2914
2916
2918
2919
2922
2923
2924
2925
2926
2928
2932
2933
2935
2938
2939
2940
2942
2943
2944
2946
2947
2948
2952
2954
2956
2957
2958
2959
2960
2961
2962
2963
2964
2965
2966
2967
2969
2972
2973
2974
2975
2977
2979
2980
2982
2985
2986
2987
2988
2990
2992
2993
2995
2996
2997
3000
3001
3002
3003
3006
3007
3009
3010
3011
3012
3014
3016
3017
3018
3020
3021
3025
3026
3027
3029
3030
3031
3032
3033
3035
3038
3039
3042
3044
3045
3047
3048
3052
3053
3055
3058
3060
3061
3062
3064
3065
3066
3067
3069
3070
3072
3073
3075
3077
3079
3082
3083
3084
3085
3086
3089
3090
3091
3092
3096
3098
3099
3101
3102
3103
3104
3105
3108
3111
3113
3115
3116
3119
3120
3121
3122
3123
3124
3129
3130
3133
3134
3135
3136
3137
3139
3140
3141
3143
3144
3146
3150
3152
3153
3154
3155
3156
3157
3160
3161
3163
3164
3165
3168
3169
3172
3173
3177
3178
3179
3183
3185
3189
3190
3191
3192
3194
3195
3196
3197
3200
3202
3203
3205
3206
3207
3208
3209
3210
3211
3212
3213
3214
3215
3216
3219
3220
3221
3222
3223
3224
3225
3226
3227
3228
3229
3230
3235
3237
3238
3239
3240
3241
3242
3243
3244
3247
3248
3249
3253
3255
3256
3257
3258
3259
3261
3263
3267
3268
3270
3271
3272
3273
3277
3278
3281
3282
3284
3285
3290
3291
3292
3294
3296
3298
3299
3303
3304
3306
3307
3309
3310
3311
3312
3314
3316
3317
3319
3320
3322
3325
3328
3330
3331
3332
3334
3335
3341
3342
3345
3346
3348
3349
3350
3351
3352
3353
3355
3357
3358
3361
3365
3368
3369
3370
3371
3374
3375
3376
3377
3379
3380
3382
3383
3384
3388
3389
3390
3392
3394
3395
3397
3399
3400
3401
3403
3404
3407
3408
3409
3411
3413
3414
3415
3416
3417
3418
3419
3420
3421
3422
3424
3425
3426
3428
3429
3430
3431
3435
3436
3442
3443
3444
3445
3446
3447
3449
3450
3451
3452
3453
3454
3455
3457
3460
3461
3464
3465
3466
3467
3468
3469
3470
3471
3472
3473
3474
3477
3481
3482
3483
3485
3486
3487
3489
3492
3494
3496
3497
3499
3500
3501
3502
3503
3506
3507
3508
3509
3511
3512
3513
3516
3519
3520
3521
3522
3523
3524
3525
3526
3527
3528
3529
3530
3531
3533
3535
3536
3538
3539
3540
3541
3542
3543
3545
3546
3547
3548
3549
3550
3554
3556
3557
3558
3560
3563
3564
3567
3568
3569
3570
3572
3573
3576
3579
3580
3581
3582
3584
3586
3587
3589
3590
3591
3595
3597
3598
3601
3603
3605
3606
3608
3609
3610
3611
3612
3614
3616
3618
3619
3620
3621
3622
3624
3626
3627
3628
3629
3630
3631
3636
3638
3639
3642
3643
3644
3645
3646
3648
3649
3651
3652
3653
3654
3656
3657
3660
3661
3663
3665
3667
3668
3670
3672
3675
3676
3678
3679
3680
3681
3682
3684
3685
3686
3689
3690
3691
3692
3693
3694
3695
3696
3697
3698
3699
3700
3703
3708
3709
3710
3711
3712
3714
3716
3719
3720
3721
3722
3723
3725
3726
3727
3728
3729
3730
3731
3732
3734
3736
3738
3739
3740
3741
3742
3744
3745
3746
3748
3750
3751
3752
3753
3754
3756
3757
3760
3761
3762
3763
3766
3767
3769
3770
3772
3773
3774
3776
3780
3782
3783
3785
3786
3788
3789
3790
3794
3797
3798
3800
3801
3802
3803
3804
3806
3807
3808
3809
3810
3812
3813
3814
3815
3816
3818
3819
3821
3822
3823
3825
3828
3829
3830
3831
3832
3833
3835
3836
3837
3838
3839
3840
3842
3843
3845
3846
3848
3849
3850
3851
3854
3856
3857
3858
3859
3861
3864
3865
3868
3869
3870
3873
3875
3878
3879
3880
3881
3882
3887
3889
3892
3894
3897
3899
3900
3902
3903
3904
3905
3906
3908
3909
3910
3911
3912
3913
3915
3916
3917
3918
3920
3923
3924
3925
3926
3928
3929
3932
3934
3935
3938
3940
3941
3943
3944
3945
3949
3950
3952
3954
3955
3956
3958
3961
3963
3964
3967
3969
3970
3976
3978
3979
3985
3986
3987
3989
3990
3991
3992
3994
3995
3996
3997
3998
4000
4002
4004
4005
4006
4007
4008
4009
4011
4012
4014
4016
4018
4020
4021
4022
4023
4024
4027
4028
4029
4030
4033
4034
4035
4036
4037
4038
4041
4045
4047
4049
4050
4051
4053
4058
4059
4060
4063
4064
4065
4067
4068
4070
4072
4073
4076
4077
4079
4081
4082
4083
4085
4087
4089
4090
4091
4093
4095
4097
4100
4101
4103
4104
4105
4106
4107
4110
4111
4113
4114
4115
4116
4117
4118
4120
4123
4124
4126
4129
4131
4133
4134
4136
4137
4138
4140
4141
4146
4153
4155
4156
4158
4161
4163
4165
4166
4167
4169
4171
4172
4175
4176
4178
4180
4181
4183
4184
4186
4187
4189
4190
4191
4192
4194
4195
4196
4199
4201
4203
4207
4208
4209
4210
4211
4213
4214
4215
4216
4218
4219
4220
4221
4222
4223
4224
4225
4226
4227
4228
4230
4231
4233
4234
4236
4237
4239
4240
4243
4244
4245
4248
4249
4251
4254
4255
4256
4257
4258
4259
4260
4261
4262
4263
4264
4265
4268
4272
4274
4277
4278
4279
4280
4281
4282
4283
4284
4286
4287
4290
4291
4292
4293
4294
4295
4296
4298
4300
4302
4305
4306
4307
4308
4310
4311
4312
4313
4314
4315
4316
4320
4321
4323
4324
4327
4328
4329
4330
4331
4333
4334
4335
4336
4340
4341
4342
4343
4344
4345
4348
4349
4351
4354
4355
4356
4358
4360
4361
4362
4363
4364
4365
4367
4371
4372
4374
4376
4377
4379
4381
4387
4389
4390
4391
4392
4393
4394
4398
4399
4400
4401
4403
4404
4406
4407
4409
4410
4412
4415
4416
4417
4419
4420
4429
4430
4431
4432
4433
4437
4438
4439
4440
4441
4443
4447
4450
4452
4453
4454
4456
4457
4459
4460
4461
4462
4463
4464
4465
4466
4467
4470
4471
4474
4475
4476
4478
4479
4480
4481
4483
4485
4488
4490
4491
4492
4494
4495
4501
4502
4504
4506
4507
4508
4509
4510
4512
4514
4515
4516
4517
4518
4519
4522
4523
4526
4527
4528
4529
4531
4532
4533
4534
4535
4536
4537
4538
4539
4541
4543
4544
4546
4548
4549
4550
4552
4553
4554
4555
4556
4557
4560
4561
4563
4564
4565
4566
4567
4568
4570
4571
4573
4578
4579
4580
4581
4582
4584
4585
4586
4588
4590
4591
4592
4596
4597
4598
4600
4604
4607
4608
4609
4610
4611
4613
4615
4618
4620
4621
4622
4623
4624
4625
4626
4628
4630
4631
4632
4633
4634
4635
4637
4638
4639
4642
4644
4646
4647
4648
4651
4652
4655
4656
4658
4659
4660
4661
4662
4663
4665
4666
4667
4668
4669
4671
4672
4673
4674
4675
4676
4677
4678
4679
4680
4682
4684
4685
4690
4691
4692
4694
4695
4696
4698
4699
4700
4701
4702
4704
4705
4707
4709
4710
4711
4714
4716
4720
4721
4726
4727
4730
4732
4733
4735
4738
4739
4740
4741
4743
4744
4745
4746
4747
4748
4751
4752
4754
4756
4758
4761
4762
4763
4765
4768
4770
4771
4772
4773
4774
4775
4776
4777
4778
4779
4780
4782
4784
4786
4787
4788
4789
4790
4791
4795
4796
4797
4800
4801
4804
4807
4808
4809
4810
4813
4817
4818
4820
4821
4822
4823
4825
4826
4827
4832
4833
4834
4835
4837
4838
4839
4840
4841
4844
4845
4846
4847
4848
4849
4854
4855
4857
4858
4860
4861
4862
4863
4864
4867
4868
4869
4870
4871
4872
4873
4875
4876
4877
4879
4880
4883
4884
4886
4888
4889
4893
4895
4896
4898
4899
4900
4901
4903
4905
4909
4910
4912
4913
4915
4916
4917
4918
4919
4920
4921
4923
4924
4926
4927
4928
4932
4933
4934
4935
4936
4938
4941
4942
4943
4945
4946
4950
4951
4952
4954
4956
4962
4963
4964
4966
4968
4969
4972
4973
4974
4977
4978
4980
4983
4987
4988
4990
4993
4994
4996
4998
4999
5003
5004
5005
5007
5008
5010
5011
5012
5013
5014
5015
5017
5020
5024
5026
5027
5032
5034
5035
5036
5037
5039
5042
5044
5047
5048
5053
5054
5055
5058
5059
5060
5061
5063
5064
5065
5067
5068
5070
5073
5074
5076
5079
5080
5081
5085
5088
5091
5092
5094
5096
5097
5098
5099
5100
5105
5106
5107
5108
5109
5116
5117
5118
5119
5121
5122
5123
5124
5125
5127
5129
5130
5131
5132
5134
5136
5142
5144
5146
5147
5148
5149
5151
5152
5153
5154
5155
5156
5157
5158
5160
5161
5163
5165
5166
5167
5168
5171
5172
5173
5175
5176
5177
5181
5182
5183
5184
5186
5187
5189
5190
5191
5192
5193
5194
5195
5196
5197
5198
5199
5200
5201
5203
5204
5205
5207
5209
5210
5213
5214
5215
5216
5217
5218
5220
5221
5223
5225
5226
5227
5228
5230
5233
5236
5238
5239
5242
5243
5246
5248
5249
5251
5252
5253
5254
5255
5256
5257
5260
5261
5263
5264
5267
5268
5269
5271
5273
5278
5279
5282
5283
5284
5285
5287
5289
5290
5293
5297
5299
5302
5304
5305
5306
5309
5310
5311
5312
5314
5315
5316
5318
5319
5320
5322
5324
5325
5326
5327
5328
5331
5333
5334
5335
5336
5337
5338
5339
5340
5342
5343
5344
5346
5347
5348
5349
5350
5352
5354
5356
5357
5358
5360
5361
5362
5364
5365
5366
5367
5368
5370
5371
5377
5378
5381
5383
5384
5386
5388
5389
5390
5392
5393
5394
5395
5396
5400
5401
5405
5406
5407
5408
5409
5411
5412
5413
5414
5417
5418
5419
5420
5421
5424
5425
5426
5427
5428
5430
5432
5433
5435
5436
5437
5438
5439
5441
5442
5443
5444
5445
5446
5447
5448
5449
5453
5455
5456
5457
5458
5459
5461
5462
5463
5464
5465
5466
5467
5468
5470
5474
5475
5476
5477
5481
5486
5487
5488
5489
5490
5491
5494
5495
5496
5497
5498
5499
5500
5501
5502
5504
5505
5506
5507
5508
5509
5510
5512
5513
5516
5517
5518
5519
5520
5521
5522
5524
5525
5526
5527
5528
5529
5530
5531
5532
5534
5535
5537
5538
5539
5540
5543
5544
5545
5547
5548
5549
5554
5555
5556
5558
5559
5560
5561
5562
5565
5569
5572
5574
5576
5577
5579
5580
5582
5583
5585
5586
5589
5591
5593
5596
5597
5598
5601
5602
5605
5606
5607
5608
5609
5611
5613
5615
5616
5618
5620
5622
5623
5624
5625
5626
5627
5628
5629
5630
5631
5632
5633
5636
5637
5639
5640
5642
5643
5644
5645
5646
5647
5648
5649
5650
5651
5654
5655
5656
5658
5659
5660
5661
5664
5666
5668
5669
5670
5672
5673
5674
5676
5677
5678
5679
5682
5683
5684
5686
5687
5691
5693
5694
5695
5696
5698
5701
5702
5703
5704
5705
5706
5707
5708
5709
5710
5711
5712
5714
5716
5719
5721
5723
5724
5726
5728
5731
5732
5733
5735
5739
5741
5745
5747
5748
5750
5751
5753
5754
5756
5757
5758
5759
5761
5764
5766
5767
5768
5769
5771
5772
5773
5775
5777
5778
5779
5784
5785
5788
5789
5790
5791
5792
5795
5796
5797
5798
5799
5800
5803
5806
5807
5808
5810
5811
5812
5813
5814
5815
5816
5818
5819
5821
5822
5823
5824
5826
5827
5829
5830
5833
5835
5836
5837
5838
5839
5841
5842
5844
5846
5847
5848
5849
5850
5852
5854
5856
5860
5861
5864
5865
5866
5868
5869
5870
5871
5872
5874
5876
5877
5880
5881
5882
5883
5884
5886
5887
5888
5890
5891
5893
5894
5895
5896
5898
5899
5900
5901
5903
5904
5906
5909
5912
5913
5914
5915
5916
5917
5918
5921
5922
5923
5924
5926
5928
5930
5933
5934
5936
5938
5940
5942
5943
5945
5947
5948
5949
5951
5952
5953
5954
5956
5957
5958
5959
5963
5964
5965
5966
5968
5969
5970
5971
5972
5974
5975
5976
5977
5981
5983
5986
5988
5989
5990
5991
5992
5993
5995
5997
6001
6002
6004
6005
6007
6008
6009
6010
6016
6020
6022
6024
6027
6029
6031
6033
6036
6038
6040
6041
6042
6043
6046
6047
6048
6049
6050
6053
6054
6055
6056
6057
6059
6060
6062
6063
6064
6065
6067
6068
6069
6070
6072
6073
6075
6077
6078
6080
6081
6082
6083
6086
6087
6088
6089
6090
6091
6093
6094
6095
6098
6100
6101
6103
6106
6111
6112
6113
6115
6118
6119
6121
6124
6125
6127
6128
6129
6130
6131
6132
6133
6135
6138
6139
6140
6141
6145
6146
6147
6149
6150
6151
6154
6156
6157
6159
6160
6161
6162
6165
6166
6172
6173
6174
6175
6177
6178
6179
6180
6181
6182
6183
6184
6186
6187
6189
6190
6192
6193
6194
6195
6196
6199
6203
6206
6207
6208
6210
6212
6213
6214
6215
6217
6218
6219
6220
6221
6222
6223
6226
6228
6229
6235
6236
6237
6238
6239
6240
6241
6242
6243
6245
6246
6247
6248
6249
6251
6253
6255
6256
6258
6259
6260
6261
6262
6263
6264
6266
6268
6269
6272
6275
6276
6277
6279
6280
6282
6283
6284
6285
6286
6288
6289
6290
6291
6292
6294
6295
6296
6297
6298
6299
6300
6301
6302
6303
6304
6305
6307
6308
6309
6310
6311
6313
6314
6315
6317
6321
6323
6326
6327
6328
6329
6333
6334
6335
6336
6337
6339
6342
6343
6344
6345
6346
6352
6354
6356
6357
6358
6359
6360
6361
6363
6365
6366
6369
6371
6376
6377
6378
6379
6381
6382
6383
6388
6390
6391
6393
6394
6396
6398
6400
6402
6403
6404
6405
6406
6407
6408
6410
6411
6412
6413
6416
6417
6418
6426
6427
6430
6431
6432
6433
6436
6438
6440
6441
6443
6444
6445
6447
6448
6449
6450
6452
6453
6454
6455
6456
6458
6460
6462
6463
6464
6466
6467
6471
6472
6473
6474
6475
6476
6477
6478
6479
6480
6481
6482
6484
6485
6486
6490
6491
6492
6494
6495
6496
6497
6498
6499
6500
6501
6503
6505
6507
6508
6510
6511
6512
6513
6515
6518
6519
6520
6521
6524
6526
6527
6528
6529
6530
6531
6532
6535
6536
6537
6538
6540
6542
6543
6546
6547
6548
6550
6551
6552
6553
6555
6556
6557
6559
6561
6562
6565
6566
6572
6574
6575
6578
6581
6583
6584
6585
6587
6588
6589
6590
6591
6592
6593
6596
6597
6598
6599
6600
6601
6603
6604
6605
6606
6611
6613
6614
6615
6616
6617
6620
6621
6623
6624
6625
6626
6628
6630
6631
6632
6634
6636
6638
6640
6641
6642
6644
6645
6646
6648
6649
6650
6651
6654
6656
6659
6660
6661
6663
6664
6666
6667
6670
6671
6672
6674
6676
6677
6678
6679
6681
6683
6684
6685
6689
6690
6691
6693
6695
6697
6698
6700
6704
6705
6706
6707
6708
6709
6710
6711
6713
6714
6715
6716
6719
6721
6722
6723
6726
6727
6729
6731
6733
6734
6736
6737
6739
6740
6742
6743
6749
6750
6752
6755
6756
6757
6758
6759
6760
6761
6762
6763
6766
6767
6769
6770
6771
6773
6775
6776
6777
6778
6780
6781
6783
6784
6787
6788
6789
6790
6792
6794
6798
6801
6802
6803
6805
6806
6811
6812
6814
6815
6816
6817
6818
6819
6820
6821
6822
6826
6827
6828
6829
6832
6833
6834
6835
6837
6839
6842
6843
6844
6846
6847
6850
6851
6856
6857
6858
6860
6861
6862
6863
6864
6868
6871
6872
6873
6874
6878
6880
6881
6882
6884
6888
6889
6891
6892
6893
6894
6895
6896
6897
6898
6900
6901
6902
6903
6904
6905
6906
6907
6908
6909
6912
6913
6917
6918
6919
6920
6921
6923
6924
6925
6926
6927
6928
6930
6932
6934
6935
6938
6939
6940
6941
6944
6945
6947
6948
6950
6952
6953
6954
6957
6958
6959
6960
6961
6962
6963
6964
6967
6968
6969
6971
6974
6975
6977
6978
6979
6980
6981
6983
6984
6985
6986
6987
6989
6990
6991
6992
6994
6995
6997
6998
6999
7001
7002
7003
7006
7009
7010
7012
7013
7015
7016
7017
7018
7019
7020
7024
7025
7026
7027
7028
7030
7031
7032
7033
7035
7036
7037
7038
7041
7042
7046
7048
7049
7050
7052
7054
7057
7058
7059
7060
7061
7062
7063
7064
7065
7067
7068
7070
7072
7073
7077
7078
7079
7080
7081
7082
7083
7084
7086
7087
7091
7092
7093
7094
7095
7097
7098
7103
7105
7107
7109
7110
7111
7112
7116
7117
7118
7119
7121
7122
7124
7125
7127
7128
7129
7130
7131
7132
7134
7135
7137
7138
7140
7142
7144
7146
7147
7148
7151
7153
7154
7155
7156
7158
7159
7160
7161
7162
7163
7166
7167
7168
7169
7172
7173
7174
7176
7177
7178
7180
7182
7183
7184
7185
7186
7187
7190
7191
7192
7195
7197
7198
7199
7200
7201
7203
7205
7206
7207
7209
7210
7212
7213
7216
7217
7218
7219
7221
7222
7224
7226
7228
7229
7230
7231
7232
7234
7238
7239
7241
7242
7243
7244
7245
7247
7248
7252
7253
7255
7256
7257
7258
7260
7261
7264
7268
7269
7270
7271
7272
7274
7275
7277
7278
7282
7283
7284
7285
7290
7291
7292
7293
7294
7295
7296
7298
7299
7300
7301
7302
7303
7304
7307
7310
7312
7314
7315
7316
7318
7321
7323
7324
7327
7328
7329
7330
7332
7334
7335
7337
7338
7340
7342
7343
7345
7347
7348
7349
7352
7353
7354
7355
7357
7359
7360
7365
7366
7367
7368
7369
7371
7372
7373
7374
7376
7378
7383
7384
7385
7386
7388
7389
7391
7393
7396
7397
7398
7399
7401
7402
7403
7404
7405
7407
7408
7410
7411
7412
7413
7414
7415
7416
7417
7418
7419
7420
7424
7427
7428
7431
7432
7434
7437
7438
7439
7441
7442
7444
7446
7447
7450
7451
7452
7455
7456
7457
7458
7461
7463
7464
7467
7468
7469
7470
7474
7475
7476
7479
7483
7484
7486
7488
7489
7490
7492
7493
7498
7500
7501
7502
7504
7505
7506
7507
7508
7512
7514
7516
7519
7523
7524
7526
7527
7531
7532
7533
7534
7535
7536
7538
7539
7541
7543
7544
7545
7546
7547
7548
7549
7550
7551
7552
7554
7555
7556
7557
7558
7559
7560
7561
7562
7563
7565
7566
7569
7570
7572
7573
7574
7575
7577
7578
7580
7581
7583
7585
7586
7587
7590
7591
7592
7593
7594
7595
7596
7597
7600
7603
7604
7605
7606
7608
7609
7610
7611
7612
7613
7614
7617
7619
7620
7622
7624
7627
7628
7631
7632
7634
7635
7636
7637
7638
7639
7640
7642
7643
7647
7648
7651
7652
7654
7656
7657
7660
7662
7664
7666
7668
7669
7670
7674
7675
7677
7678
7679
7680
7682
7683
7684
7687
7688
7689
7690
7692
7693
7694
7695
7696
7697
7699
7700
7701
7702
7703
7704
7706
7707
7709
7711
7712
7713
7714
7715
7716
7717
7719
7720
7721
7722
7724
7725
7726
7728
7729
7730
7735
7737
7738
7739
7741
7742
7745
7747
7749
7750
7752
7754
7755
7757
7758
7761
7764
7765
7766
7767
7768
7769
7772
7773
7775
7776
7778
7779
7780
7781
7782
7784
7787
7791
7792
7794
7796
7800
7801
7804
7806
7809
7810
7814
7815
7817
7818
7819
7821
7823
7824
7825
7828
7830
7831
7832
7833
7835
7836
7838
7839
7841
7843
7846
7850
7851
7852
7853
7855
7857
7860
7861
7863
7864
7865
7866
7869
7870
7871
7873
7875
7876
7878
7879
7880
7882
7883
7884
7886
7888
7890
7891
7892
7893
7895
7898
7899
7901
7902
7903
7908
7909
7910
7911
7912
7914
7915
7916
7918
7919
7921
7922
7923
7924
7925
7926
7927
7929
7930
7932
7935
7936
7937
7938
7939
7941
7942
7943
7946
7947
7948
7949
7951
7953
7954
7956
7957
7958
7961
7962
7964
7965
7968
7969
7972
7973
7974
7975
7976
7977
7978
7979
7980
7982
7983
7984
7985
7986
7987
7989
7990
7991
7993
7994
7995
7997
7999
8000
8003
8008
8009
8010
8011
8013
8014
8016
8017
8018
8020
8022
8023
8025
8026
8027
8028
8031
8034
8036
8038
8039
8041
8044
8045
8046
8048
8049
8050
8051
8052
8055
8058
8059
8061
8062
8066
8067
8069
8070
8071
8073
8074
8075
8080
8083
8084
8085
8089
8090
8091
8093
8094
8095
8096
8098
8101
8102
8103
8104
8106
8107
8111
8113
8115
8116
8117
8118
8119
8120
8122
8124
8125
8127
8128
8129
8130
8131
8132
8134
8135
8141
8142
8143
8144
8145
8147
8148
8149
8150
8151
8153
8155
8156
8158
8159
8161
8162
8164
8170
8171
8173
8174
8176
8178
8179
8180
8181
8182
8183
8184
8185
8187
8190
8192
8196
8198
8199
8201
8203
8204
8205
8207
8208
8209
8210
8211
8215
8216
8217
8220
8221
8223
8225
8226
8228
8229
8230
8233
8234
8235
8237
8238
8243
8245
8248
8249
8251
8252
8253
8254
8255
8256
8258
8260
8262
8263
8264
8268
8270
8271
8274
8275
8276
8277
8281
8284
8285
8286
8288
8289
8290
8291
8292
8293
8294
8295
8296
8297
8298
8299
8300
8301
8302
8303
8304
8306
8308
8309
8311
8313
8314
8315
8316
8318
8319
8323
8324
8325
8326
8328
8329
8331
8332
8334
8335
8338
8343
8345
8348
8349
8353
8354
8356
8357
8358
8360
8361
8363
8364
8365
8367
8368
8369
8371
8372
8375
8376
8378
8380
8381
8382
8383
8385
8386
8387
8389
8390
8392
8393
8394
8395
8396
8397
8399
8402
8403
8404
8405
8406
8407
8408
8410
8413
8414
8415
8417
8418
8419
8421
8422
8424
8425
8426
8427
8429
8430
8432
8433
8434
8435
8436
8438
8439
8440
8441
8443
8445
8446
8447
8448
8449
8452
8453
8455
8456
8457
8459
8460
8462
8463
8464
8465
8467
8469
8470
8471
8472
8473
8475
8477
8478
8479
8480
8481
8484
8486
8487
8488
8489
8491
8492
8493
8496
8497
8500
8501
8502
8503
8504
8505
8507
8509
8510
8517
8518
8519
8524
8525
8528
8529
8530
8533
8536
8538
8539
8541
8542
8544
8545
8546
8547
8551
8552
8553
8554
8558
8559
8560
8563
8564
8565
8566
8567
8568
8573
8576
8577
8578
8580
8581
8582
8585
8586
8587
8588
8591
8592
8593
8594
8595
8598
8600
8601
8602
8603
8606
8607
8609
8610
8611
8612
8613
8614
8616
8619
8621
8622
8623
8624
8625
8626
8627
8630
8632
8633
8635
8636
8637
8638
8639
8642
8644
8645
8647
8648
8649
8650
8652
8654
8656
8658
8660
8661
8662
8663
8664
8665
8666
8668
8669
8672
8673
8675
8676
8677
8678
8680
8682
8683
8684
8687
8688
8689
8690
8692
8693
8696
8697
8699
8703
8704
8705
8706
8707
8708
8711
8713
8715
8716
8717
8718
8719
8720
8722
8723
8724
8725
8726
8727
8729
8730
8731
8732
8734
8737
8739
8740
8743
8744
8745
8746
8748
8749
8750
8752
8753
8754
8755
8757
8758
8763
8765
8766
8767
8768
8771
8772
8777
8779
8780
8781
8784
8789
8792
8793
8796
8798
8799
8800
8801
8802
8806
8808
8809
8811
8812
8813
8815
8817
8820
8823
8824
8825
8826
8827
8829
8830
8831
8833
8834
8837
8838
8839
8840
8841
8842
8844
8846
8847
8850
8852
8854
8861
8865
8866
8867
8868
8869
8870
8871
8873
8874
8875
8876
8878
8879
8880
8881
8882
8883
8884
8886
8887
8888
8889
8890
8892
8893
8894
8895
8897
8898
8900
8901
8902
8906
8907
8908
8909
8910
8915
8916
8917
8918
8922
8924
8929
8932
8933
8936
8937
8938
8940
8942
8947
8948
8950
8952
8953
8956
8958
8959
8960
8961
8962
8964
8965
8967
8969
8970
8971
8972
8973
8974
8975
8976
8979
8980
8981
8982
8983
8987
8988
8989
8991
8993
8994
8997
8998
9000
9001
9003
9005
9009
9011
9012
9015
9016
9017
9018
9020
9021
9022
9023
9024
9025
9027
9028
9031
9032
9033
9034
9035
9037
9039
9040
9041
9043
9044
9045
9049
9050
9051
9052
9055
9056
9059
9060
9064
9066
9067
9068
9072
9073
9074
9075
9076
9077
9078
9079
9080
9083
9084
9089
9090
9091
9092
9094
9095
9096
9098
9099
9100
9101
9102
9103
9104
9105
9106
9108
9109
9110
9111
9113
9115
9116
9118
9121
9124
9125
9126
9128
9129
9130
9131
9132
9136
9138
9139
9141
9142
9143
9144
9146
9147
9150
9152
9153
9154
9158
9160
9162
9163
9164
9165
9168
9171
9172
9176
9177
9180
9182
9183
9184
9185
9187
9190
9191
9193
9195
9197
9198
9199
9200
9201
9203
9204
9205
9206
9207
9209
9210
9213
9214
9215
9216
9218
9220
9222
9224
9225
9227
9228
9229
9233
9234
9235
9236
9238
9239
9241
9242
9243
9245
9247
9248
9249
9250
9251
9253
9254
9259
9261
9264
9267
9269
9271
9272
9273
9274
9275
9278
9279
9282
9284
9285
9288
9290
9291
9293
9294
9295
9296
9297
9298
9299
9300
9301
9302
9303
9305
9307
9308
9311
9315
9316
9317
9319
9321
9322
9326
9329
9330
9331
9332
9333
9334
9335
9336
9337
9338
9340
9341
9343
9344
9345
9346
9347
9348
9349
9350
9352
9353
9354
9355
9356
9358
9359
9361
9362
9363
9364
9365
9366
9368
9369
9371
9374
9375
9376
9378
9379
9381
9382
9383
9384
9385
9389
9390
9391
9392
9393
9395
9396
9398
9399
9400
9401
9404
9405
9408
9411
9412
9414
9415
9416
9417
9419
9420
9421
9422
9424
9426
9428
9430
9431
9432
9433
9435
9438
9440
9441
9442
9444
9447
9448
9449
9450
9451
9452
9455
9456
9457
9458
9459
9460
9463
9466
9467
9470
9472
9476
9477
9479
9480
9481
9483
9484
9485
9486
9487
9488
9489
9490
9491
9494
9495
9499
9500
9501
9502
9503
9504
9505
9506
9507
9508
9509
9510
9512
9514
9515
9517
9519
9523
9525
9530
9531
9532
9533
9534
9536
9537
9538
9539
9540
9541
9544
9545
9547
9548
9549
9550
9552
9553
9554
9557
9558
9559
9562
9565
9567
9568
9569
9571
9572
9573
9574
9575
9576
9577
9580
9581
9582
9585
9587
9588
9589
9590
9592
9593
9594
9595
9596
9602
9603
9604
9605
9606
9608
9609
9610
9611
9612
9614
9616
9617
9618
9620
9621
9624
9625
9626
9627
9628
9629
9630
9631
9632
9634
9637
9638
9639
9640
9643
9644
9646
9647
9648
9650
9653
9654
9656
9657
9659
9660
9663
9664
9665
9667
9668
9669
9670
9671
9674
9676
9680
9690
9691
9694
9697
9700
9702
9703
9704
9705
9706
9707
9708
9709
9710
9711
9714
9717
9718
9719
9720
9721
9722
9723
9725
9726
9727
9728
9729
9730
9731
9732
9733
9736
9737
9738
9739
9743
9746
9748
9749
9751
9752
9753
9754
9758
9759
9762
9763
9764
9765
9766
9767
9769
9770
9772
9774
9775
9776
9777
9778
9780
9781
9782
9783
9785
9788
9790
9791
9794
9795
9796
9797
9798
9800
9804
9806
9808
9809
9810
9811
9812
9813
9814
9815
9821
9823
9826
9827
9828
9829
9830
9831
9832
9834
9836
9837
9838
9840
9841
9842
9843
9844
9845
9846
9848
9850
9851
9852
9853
9856
9859
9860
9861
9863
9864
9865
9867
9868
9869
9871
9872
9873
9875
9876
9877
9880
9881
9882
9883
9886
9888
9889
9890
9893
9895
9897
9898
9900
9904
9905
9907
9908
9909
9912
9913
9914
9916
9919
9921
9924
9925
9926
9928
9931
9934
9936
9937
9938
9940
9941
9945
9946
9947
9948
9949
9951
9953
9954
9955
9956
9958
9960
9962
9965
9967
9974
9976
9977
9978
9979
9981
9982
9983
9986
9987
9988
9989
9990
9991
9992
9993
9994
9995
9996
9999
10000
